 starting MPI with 128 processes
 dot-product = 1.66666666667
     runtime = 0.000602320767939
