 starting MPI with 16 processes
 dot-product = 1.66666666667
     runtime = 0.003253236413
