 starting MPI with 1 processes
 dot-product = 1.66666666667
     runtime = 0.0306473337114
