 starting MPI with 256 processes
 dot-product = 1.66666666667
     runtime = 0.000852169468999
