 starting MPI with 32 processes
 dot-product = 1.66666666667
     runtime = 0.00304314866662
