 starting MPI with 4 processes
 dot-product = 1.66666666667
     runtime = 0.00869369134307
