 starting MPI with 64 processes
 dot-product = 1.66666666667
     runtime = 0.000714517198503
