 starting MPI with 64 processes
 dot-product = 1.66666666667
     runtime = 0.00179824233055
