 starting MPI with 8 processes
 dot-product = 1.66666666667
     runtime = 0.00490732118487
